const cmykcolors = [
RGB(0.300725,0.680491,0.901701),
RGB(0.386403,0.743518,0.934237),
RGB(0.496414,0.645794,0.86504),
RGB(0.604318,0.51771,0.780231),
RGB(0.699224,0.432157,0.70669),
RGB(0.778582,0.417821,0.644854),
RGB(0.843122,0.472052,0.589251),
RGB(0.893588,0.572795,0.538951),
RGB(0.928891,0.68909,0.500098),
RGB(0.945344,0.789625,0.482689),
RGB(0.936608,0.84884,0.493779),
RGB(0.894001,0.850082,0.529271),
RGB(0.806801,0.785304,0.566474),
RGB(0.662204,0.650797,0.559579),
RGB(0.444557,0.438462,0.440244),
RGB(0.133532,0.122103,0.125444)
];

