const rainbow = [
RGB(0.471412,0.108766,0.527016),
RGB(0.31106,0.11758,0.664469),
RGB(0.250728,0.225386,0.769152),
RGB(0.24408,0.361242,0.816084),
RGB(0.266122,0.486664,0.802529),
RGB(0.305919,0.585575,0.739666),
RGB(0.36048,0.655759,0.645692),
RGB(0.429842,0.701849,0.540321),
RGB(0.513417,0.72992,0.440682),
RGB(0.607651,0.743718,0.358588),
RGB(0.705038,0.742591,0.299167),
RGB(0.794549,0.721158,0.260829),
RGB(0.863512,0.670771,0.236564),
RGB(0.901014,0.582826,0.216542),
RGB(0.902853,0.453964,0.192014),
RGB(0.878107,0.293208,0.160481),
RGB(0.857359,0.131106,0.132128)]

